Fecha	Hora	T°	pH	mg/L
03-01-2024	15:00	17,8	8,28	8,59
05-01-2024	15:10	17,7	8,19	8,33
08-01-2024	15:00	18,4	8,19	6,94
10-01-2024	15:00	16,6	8,21	9,36
12-01-2024	15:00	17,6	8,22	9,26
15-01-2024	15:02	16	8,13	9,2
16-01-2024	15:00	16,5	8,12	9,16
17-01-2024	15:00	16	7,96	8,77
18-01-2024	15:15	16,5	8,15	9,45
19-01-2024	15:00	16	8,08	9,19
20-01-2024	15:00	14,1	8,02	9,65
22-01-2024	15:05	17,7	8,16	9,02
24-01-2024	15:03	16,7	7,95	8,49
27-01-2024	15:02	17,7	8,08	8,37
29-01-2024	15:30	18	8,08	8,65
30-01-2024	15:30	17,8	7,88	8,28
31-01-2024	15:30	18,8	8,21	8,56
01-02-2024	15:30	19,5	8,06	8,06
02-02-2024	15:31	19,6	8,19	8,52
05-02-2024	13:26	15,5	7,97	8,71
07-02-2024	15:00	17,1	8,04	8,27
08-02-2024	15:30	17,5	8,12	8,30
09-02-2024	15:00	18,0	8,14	8,27
12-02-2024	15:04	16,3	8,01	9,08
13-02-2024	15:00	16,3	8,05	9,35
14-02-2024	15:00	16,1	7,99	9,06
15-02-2024	15:05	16,1	7,99	8,86
16-02-2024	15:02	15,7	7,75	8,48
17-02-2024	15:00	17,1	8,04	8,73
19-02-2024	15:04	16,2	7,84	8,74
20-02-2024	15:04	17,3	7,76	8,6
21-02-2024	15:03	18,7	7,82	8,29
22-02-2024	15:00	17,9	7,83	8,07
23-02-2024	15:00	19,1	7,99	8,2
24-02-2024	15:00	17,9	7,93	8,55
26-02-2024	15:04	19,4	7,94	8,12
27-02-2024	15:23	18,9	7,91	7,59
28-02-2024	15:06	19,2	7,97	7,55
29-02-2024	15:00	18,8	7,94	7,55
01-03-2024	15:40	19	7,9	7,4
02-03-2024	15:00	19	8,07	7,6
04-03-2024	15:20	18,4	8,03	8,01
05-03-2024	15:00	17,8	8,06	8,56
06-03-2024	15:00	17,9	8,13	8
07-03-2024	15:00	17,5	8,13	8,40
08-03-2024	15:00	16,6	8,07	8,36
09-03-2024	15:00	15,8	8,04	8,88
11-03-2024	15:00	16,3	8,02	9,11
13-03-2024	15:00	16,1	8	9,04
15-03-2024	15:00	15	8	9,65
18-03-2024	15:00	14,6	8,04	9,87
19-03-2024	15:20	14,5	8,03	10,04
20-03-2024	15:00	14,7	7,99	9,25
21-03-2024	15:00	16,0	8,09	9,06
22-03-2024	15:00	15,6	7,95	8,73
25-03-2024	15:00	15,5	7,8	8,73
26-03-2024	15:00	15,3	7,82	8,71
27-03-2024	15:00	15	7,87	8,78
28-03-2024	15:23	15,5	7,96	8,81
29-03-2024	15:12	15,1	7,86	8,53
30-03-2024	15:10	15,9	7,91	8,39
01-04-2024	15:03	14,2	7,88	8,8
02-04-2024	16:50	14,7	7,90	8,75
03-04-2024	15:08	14,2	7,84	8,75
04-04-2024	15:51	14,4	8,01	9,06
05-04-2024	15:08	14,2	8,00	7,98
11-04-2024	16:18	13,8	8,07	8,11
15-04-2024	15:05	14,6	8,04	8,12
16-04-2024	15:35	15,6	8,08	9,36
17-04-2024	15:03	14,9	7,98	9,28
19-04-2024	15:13	14,0	7,91	8,8
20-04-2024	16:00	13,3	7,97	9,56
23-04-2024	16:00	15,8	7,98	8,47
25-04-2024	15:00	14,2	7,97	8,93
29-04-2024	15:04	13,6	7,97	9,58
30-04-2024	15:00	14,4	8,04	9,63
03-05-2024	15:00	13,2	7,89	7,4
06-05-2024	15:10	13,6	7,93	7,21
08-05-2024	15:04	13,5	7,96	7,27
10-05-2024	15:02	13,1	7,88	9,2
13-05-2024	15:00	12,9	7,9	9,45
14-05-2024	15:01	12,5	7,88	9,4
15-05-2024	15:08	12,5	7,91	9,56
16-05-2025	15:05	13,2	7,9	9,3
17-05-2024	15:07	12,8	7,81	8,6
18-05-2024	15:00	13	7,85	8,48
22-05-2024	15:10	11,8	7,9	8,75
23-05-2024	15:10	12,7	7,91	9,02
24-05-2024	15:00	11,8	7,88	8,74
27-05-2024	15:08	13,2	7,91	8,38
28-05-2024	15:11	13,3	7,97	8,65
29-05-2024	15:00	13,4	6,9	8,53
30-05-2024	15:50	13,3	8,02	9,20
31-05-2024	15:22	12,6	8,05	9,20
01-06-2024	15:21	13,2	8,02	8,99
04-06-2024	15:26	12,3	7,94	9,32
06-06-2024	15:30	12,6	7,98	9,17
10-06-2024	15:00	13,36	8	8,14
11-06-2024	15:06	13,6	8,02	8,11
17-06-2024	15:03	13,83	7,96	8,53
19-06-2024	16:04	15,23	8,06	8,08
22-06-2024	15:30	14,14	8,03	8,26
24-06-2024	15:40	13,66	8,03	8,51
26-06-2024	15:02	13,74	7,97	8,58
27-06-2024	15:06	13,67	7,99	8,4
28-06-2024	15:35	13,69	8,01	8,42
29-06-2024	15:45	13,46	7,96	8,4
01-07-2024	15:00	13,3	7,93	9,09
03-07-2024	15:05	13,11	7,91	8,82
05-07-2024	15:05	11,69	7,86	9,4
08-07-2024	15:00	11,55	7,91	8,83
10-07-2024	15:00	11,98	7,92	8,44
12-07-2024	15:01	12,25	7,95	8,65
15-07-2024	15:05	11,05	7,98	9,28
17-07-2024	15:08	12,4	7,94	8,6
18-07-2024	15:00	12,1	7,92	8,88
19-07-2024	15:00	12,3	8,00	9,09
20-07-2024	15:05	11,85	7,88	9,02
22-07-2024	15:12	12,68	7,94	9,15
23-07-2024	15:33	12,6	8,03	9,73
24-07-2024	15:02	13,15	8,03	9,48
26-07-2024	15:22	12,09	7,94	9,32
29-07-2024	15:08	12,73	7,95	8,93
30-07-2024	15:00	12,5	7,98	9,09
31-07-2024	15:31	12,28	7,9	8,73
03-08-2024	15:00	13,8	8,06	8,53
05-08-2024	15:00	12,28	8,05	9,55
06-08-2024	16:54	13,6	8,13	9,10
07-08-2024	15:45	13,17	8,07	8,66
08-08-2024	15:11	13,2	8,13	9,10
09-08-2024	15:00	13,36	8,08	8,9
12-08-2024	15:28	13,83	8,1	8,7
13-08-2024	15:30	13,4	8,06	9,31
14-08-2024	15:15	13,02	8,02	8,9
16-08-2024	15:54	12,5	8,01	9,16
19-08-2024	15:08	12,83	8,04	9,89
20-08-2024	15:20	12,36	8,01	9,63
21-08-2024	16:38	11,93	8	9,3
22-08-2024	16:30	13,26	8,07	8,82
23-08-2024	15:32	13,08	8,05	9,5
24-08-2024	15:00	13,26	8,07	9,2
26-08-2024	15:25	13,63	8	8,9
28-08-2024	15:26	12,1	7,95	9,22
29-08-2024	15:32	12,8	8,01	9,01
30-08-2024	15:09	13,68	8,04	8,82
02-09-2024	15:10	13,41	8,04	8,92
04-09-2024	15:03	12,99	8	8,92
05-09-2024	16:50	13,3	7,92	9,35
06-09-2024	15:36	13,1	7,97	9,89
07-09-2024	16:41	12,5	7,91	10,29
09-09-2024	15:00	13,17	7,99	9,9
10-09-2024	15:00	13,4	7,89	9,35
11-09-2024	15:40	13,7	7,90	9,56
12-09-2024	15:14	13,17	7,92	9,54
16-09-2024	15:29	12,88	7,87	8,4
20-09-2024	15:15	13,19	7,86	8,4
23-09-2024	15:14	14,18	7,92	8,32
25-09-2024	15:03	13,77	7,87	8,29
27-09-2024	15:02	13,38	7,87	7,05
28-09-2024	15:06	13,07	7,86	6,82
30-09-2024	15:07	14,11	7,82	8,4
02-10-2024	15:18	14,77	7,97	8,88
28-10-2024	15:12	16,48	8,03	8,44
04-11-2024	16:48	14,91	7,87	8,87
06-11-2024	15:28	15,07	7,93	8,75
08-11-2024	15:05	15,2	7,93	8,38
09-11-2024	15:05	14,7	7,93	8,46
11-11-2024	15:27	15,2	7,97	8,48
13-11-2024	14:00	14,2	7,78	8,16
15-11-2024	15:15	13,76	7,91	8,25
19-11-2024	15:10	15,4	7,95	8,26
20-11-2024	15:03	15,21	7,9	8,21
25-11-2024	15:43	15,7	7,88	8,33
27-11-2024	15:10	16,21	7,91	8,16
02-12-2024	15:09	16,2	7,94	7,92
04-12-2024	15:35	15,28	7,9	8,14
05-12-2024	15:58	16,43	7,96	7,9
06-12-2024	15:21	16,85	7,98	7,44
16-12-2024	16:45	16,4	7,98	8,17
18-12-2024	16:18	15,86	7,91	8,3
20-12-2024	15:05	16,02	7,86	8,05
23-12-2024	15:16	17,66	7,9	7,8
27-12-2024	15:10	17,07	7,85	7,93
30-12-2024	15:09	17,62	7,8	7,73